0.119373
0.792674
-1.1155
0.580133
2.21358
0.0315386
-1.36726
0.0308828
-1.17616
-1.45894
-1.15022
0.752807
0.406783
1.76016
0.47525
0.450338
-0.266402
-0.197619
0.29972
-0.274645
0.142644
-0.226173
-1.30562
0.551606
0.501023
0.615205
2.07342
-0.0789423
-0.0481127
-0.983529
-1.08342
1.68327
-0.215136
-0.133684
0.689689
0.24676
0.564882
0.856509
0.0925188
-1.08773
0.622219
-0.247145
1.87757
-0.0614157
1.91752
-0.26247
1.67971
1.22284
1.017
0.235417
-0.182601
-0.0528127
-0.298406
0.419866
-0.153445
-0.120152
0.978431
0.686409
0.797649
0.621694
-0.057431
-0.588555
0.452798
-1.18664
0.363965
1.45866
0.465642
-0.280272
-1.21109
0.728713
0.437352
0.76687
0.836807
-1.17424
-1.90497
-0.0873692
-0.107224
0.60718
-0.832193
0.551758
-1.28743
-0.811849
0.116328
0.292626
0.326701
-0.14673
-0.607344
0.297797
-2.09254
1.61938
0.766943
-0.819124
2.00393
-0.263351
-0.843309
0.25824
-1.76305
-0.458382
-1.32204
-0.509786
0.294471
0.0830392
-0.284653
0.747763
0.364767
-0.308027
-0.123031
-0.627331
-1.675
0.885098
-2.01975
0.252162
2.6231
1.3915
0.851236
-0.276256
-2.94997
0.6493
1.35062
0.352415
0.463055
-0.292582
0.432534
-0.0261354
-0.411518
-0.254568
1.11884
0.613287
0.740474
-1.88493
0.821716
0.471627
-0.371052
0.423749
-0.03784
-1.37025
0.452609
1.59532
-1.08124
0.602733
-0.811001
-0.52028
-0.291887
-0.356497
-0.813845
-0.378646
-0.443486
-0.925021
2.54026
-0.511721
0.642818
-0.495241
-0.348491
-0.370446
0.0561458
-0.488987
-0.831395
1.53461
-0.327773
0.471507
-1.98079
0.169968
1.29823
-0.0660173
0.243386
-0.51364
0.620493
0.473196
0.79581
2.57551
-0.639834
-0.94228
-0.600872
0.320317
-1.5152
0.373936
0.0997711
-0.0860485
1.955
0.324572
0.356151
-0.431558
-0.0411025
-0.401702
0.423296
-1.11753
-0.308398
-1.13284
-1.17237
1.61439
-0.381115
2.38291
-0.594839
0.0600428
-0.624782
-1.49983
1.54164
0.0452896
-0.333187
0.598515
-0.690854
1.63493
0.168481
6.66903e-05
-0.155402
0.767962
-0.17877
-1.23059
-1.51347
-1.12737
0.744587
0.111245
-0.564893
-1.1075
0.710989
-0.224246
-0.0708155
1.20511
-0.668771
-0.621764
-0.226584
-0.969293
-0.445058
0.158191
0.94983
1.53051
-2.00919
-0.0234456
1.68072
-0.873721
-0.423156
0.432548
0.708709
-1.54089
1.38367
-0.236895
1.08997
-1.84646
-0.100028
0.838566
-1.23207
0.372459
1.25961
-0.933787
1.92816
0.624819
-0.437772
-0.36573
-1.52973
-0.0857946
1.49471
-0.83989
1.2306
1.22166
-1.24473
0.686235
-1.58193
0.0298578
-0.385901
0.11926
0.0361203
-1.31544
-0.338235
-0.518662
0.333276
1.00137
-0.444394
-0.850459
-1.26993
2.27281
-0.33898
0.0635573
0.0666357
0.69376
1.2044
-0.737212
0.308617
1.55494
-0.945798
-0.632832
0.0166456
-0.797096
1.10009
-0.356657
0.364594
-0.357594
0.727312
1.2083
-0.362478
1.35576
0.270071
-0.946511
-2.31685
0.890313
-0.924111
-0.856149
0.817583
0.471856
-0.718977
-1.39394
0.128627
1.32109
0.621973
1.86525
-1.22549
-0.105632
0.051961
-2.0946
-0.522894
-0.590899
-1.40824
0.359352
0.878236
-1.05927
-0.132053
1.3282
0.147692
-0.767656
1.00037
0.830272
2.20143
0.648525
0.330878
0.302137
-0.745424
0.939405
0.543394
0.56201
1.26007
0.23216
0.405517
-0.526423
1.54205
-0.537685
-0.260272
-2.40793
0.636832
1.07063
0.422089
1.12321
0.339312
-0.576973
0.354192
0.852541
0.786668
0.330862
-1.14351
0.525023
0.431694
-0.392122
0.954589
-0.560947
-0.36412
0.127894
-2.24969
1.32207
0.0827334
-0.65724
0.0481619
1.10387
-0.376665
0.55416
1.99348
0.825411
0.916634
1.27453
0.00809191
-0.676683
-0.304835
1.48833
0.253498
0.222551
-1.69397
-1.19402
0.58359
-1.43321
0.0291658
-0.909342
-1.68125
-0.0496308
0.205687
-0.925924
-1.20539
-0.530429
-1.63888
0.494447
0.189277
0.0410953
-1.71108
-0.265922
1.58654
0.222979
-0.372965
0.374776
1.17684
1.88475
0.82728
-0.776443
0.230213
-0.359016
1.19498
-1.48658
-0.0546505
0.297034
-0.0584161
1.25276
1.62992
1.46564
-1.48332
2.5614
-0.572215
-0.790308
1.99653
0.53139
-1.02299
1.41994
0.38317
1.12273
-0.276021
-1.35691
-0.430256
-0.682498
-0.650209
-0.422697
1.17486
-2.30635
-0.69967
-0.279439
-0.42118
-0.722248
0.907824
-1.00116
-0.706303
0.891441
1.94437
-0.255367
0.082524
0.984138
-1.51635
-1.54666
-0.217962
-1.03727
-0.603451
-1.48476
-0.74293
0.0323514
-0.0514714
2.55768
-0.757229
0.408188
-0.206236
0.125628
-0.535398
-2.17267
2.43182
2.19564
0.0530914
-1.11465
0.0467893
0.881429
1.15423
0.621225
1.99189
-0.684947
-0.0402468
1.28925
0.372155
0.119059
1.17997
0.166282
0.81912
0.335558
0.743123
-0.227646
-0.757678
0.0106898
0.303456
-1.23444
0.495163
0.572387
-0.30696
-1.74073
-0.281947
1.0575
-1.21857
-0.430797
1.31514
-0.248323
1.31085
0.783177
-0.163492
-1.75412
-0.816149
1.71641
-0.708687
-0.511623
-0.814022
-0.66485
0.848362
0.381513
-0.433579
0.855578
-1.39059
1.46969
1.1646
-1.09942
-0.0893631
-0.52376
-0.657551
-0.612152
0.395314
-0.382504
-1.23274
0.793082
0.298435
-1.86161
-0.242404
-0.128234
-0.118699
0.757001
0.874171
-0.239413
1.41984
-2.68362
-0.565893
-1.49644
0.791205
-1.03734
1.37643
0.709697
0.370093
-0.166427
1.28646
0.418935
-0.677278
-1.38819
0.180386
0.33657
-1.10562
-0.778383
-0.0449701
0.68328
0.82069
0.902383
-0.551998
-0.705569
-0.295812
-0.325379
-0.989578
-1.42578
0.330711
-0.291791
0.861727
-0.493051
0.631217
-0.52899
0.637135
0.763861
0.654369
-0.408351
-0.905067
-1.50131
-0.435642
-0.38671
0.493947
0.656071
-0.971996
-1.22815
-0.51955
-1.41961
1.29974
1.07516
-0.064002
-0.297967
-1.19697
-1.18343
0.83673
1.15736
-1.43284
-0.816661
0.340034
0.566711
-1.06043
0.629831
0.956838
2.02591
-0.55911
-1.43906
1.44767
0.434231
-0.983859
-0.215085
-0.780699
0.274571
-1.72946
0.897732
-0.95694
0.357514
1.98078
-1.21464
-0.714044
1.86063
2.30903
1.50387
-0.255789
2.70941
-0.614234
0.53939
1.30607
-0.226782
0.049292
0.251225
-1.83187
0.79074
0.191288
0.935546
0.911228
-0.377085
0.40004
-0.175955
-0.179545
-0.0125985
-0.424748
-1.15623
-0.217689
-0.199588
-1.96392
-0.648928
0.938625
2.16941
0.394812
1.17607
-1.18396
0.106743
-1.56271
-0.177247
0.756754
0.0299915
0.227089
0.389695
0.142217
-0.149466
1.03288
0.917171
1.52752
0.183765
1.30366
-0.704904
0.014237
0.297522
0.52082
-0.20416
-0.335049
0.673565
-0.232187
-0.925144
0.00496427
-0.346989
1.63727
0.0283877
-0.0565271
-0.355438
-1.62326
0.756182
-1.76264
0.0937561
0.315313
-0.0783041
0.705441
-0.947248
-2.00888
0.295072
-0.803073
-0.0630757
1.0063
0.18616
1.00437
-0.505214
-0.318671
0.0237938
0.643846
-1.77496
1.14742
-0.614432
1.86694
0.78282
0.864833
0.409684
0.502912
-0.393786
0.0395766
-2.28657
-0.149409
0.967687
0.884911
-1.61537
0.493326
0.538495
-0.0591683
0.682173
0.157245
-0.0886383
-0.20797
-0.746626
-0.645946
1.12564
0.761331
-0.183735
-0.642597
-1.51359
-1.13224
0.55951
0.864393
-0.820659
-1.05609
-0.995851
0.342332
-0.0403539
0.0420765
-0.859195
0.0449869
-0.513488
-1.15893
0.0380815
-0.881676
-2.39747
0.501194
-1.41405
0.462562
0.410679
0.849786
-2.15752
0.93567
-2.42806
-1.12129
0.253284
-0.0293052
1.97755
-1.05643
0.765578
0.255801
-0.24819
-0.557343
0.262515
0.335557
0.667397
-0.772446
-2.32034
-0.10861
-1.92066
1.22562
0.256049
1.1443
-0.239345
-1.08952
-0.303264
0.544351
-0.728965
-1.44925
0.118883
-0.221107
0.130013
1.55882
0.0146993
0.668759
-1.59547
-0.819369
0.924748
1.82748
-1.45287
0.730673
0.0183144
-0.602948
-0.397348
-1.27359
-0.21843
-0.721958
0.0719038
1.54071
-0.775667
-0.710275
-1.57383
-0.036237
-0.288718
-0.925142
0.0810142
-0.60052
1.49449
-1.06864
-1.01309
-0.230959
0.631265
2.13601
1.44132
-0.0973648
1.53305
0.0646734
-0.435456
0.955003
-0.16251
-0.697872
0.5694
-0.198364
0.0828043
-0.153183
0.0957441
0.00408983
-0.270393
0.173186
0.43728
0.640527
0.605325
-0.341113
-0.395476
-0.563278
-0.0791676
1.45747
1.43868
-0.586402
0.146618
-0.522708
-0.562377
0.140475
-0.715019
0.716055
0.360048
-1.69615
-1.87428
-0.288161
-0.497611
-0.996728
-0.0890355
-2.07
-1.19402
0.305572
0.0812375
0.0916369
-0.0539317
0.522753
-0.434362
-2.08878
0.372136
3.00025
-0.420621
1.35106
-1.61667
0.136633
1.16936
-0.0873911
0.151906
-0.110212
-0.850157
-0.262351
0.0685539
-0.432437
-1.07624
-1.06323
-0.355287
-1.10426
1.02285
1.57148
-0.760883
-0.0745323
0.464445
0.659909
-0.95148
-1.51545
-0.0559011
0.567001
0.471726
0.914554
-1.00929
-0.862537
0.580764
-0.210098
-0.541013
-0.914596
1.34478
-0.00312843
0.401562
-0.661016
-0.582968
-0.123807
-0.153638
-2.27632
0.127731
-1.15827
-0.931792
-1.43443
-2.0648
-0.00955583
0.149039
0.777392
-0.692531
0.93176
0.617152
0.474422
-0.634398
-1.01134
0.0474631
0.275799
-0.00953483
-1.37318
-0.399133
0.379989
1.29895
-0.849621
-1.47154
0.594223
0.918392
0.057281
0.409931
0.575979
-0.426118
0.304816
-0.430958
0.414454
1.3088
-1.14123
0.518657
-0.527167
0.190885
-0.789524
0.334848
0.207206
1.47687
1.04995
0.41246
1.55651
1.62125
1.05106
0.28859
1.7418
-1.07771
-1.02043
-0.148026
0.926626
-1.85492
-0.915657
-1.57713
0.14735
0.118044
0.0177149
-0.472622
0.28317
-3.17984
-0.79672
0.611392
0.247169
0.0973904
0.261247
-0.556225
-1.16042
-0.148354
0.825336
-1.42956
0.167667
-0.743271
0.224208
-0.419856
-0.400113
0.144003
0.512579
0.118962
-1.3868
0.371161
-1.06308
0.179676
-0.0118502
-1.59083
-0.179896
1.97613
0.544468
0.117466
1.81098
-2.12219
-0.477017
-0.473142
0.137146
-1.63974
0.74669
0.44921
0.391188
0.962051
0.531709
-0.847113
-1.6877
2.19028
0.834497
-0.495134
-1.79178
-0.437003
1.35053
0.469631
-0.219247
-1.03
0.773255
0.861589
0.494787
-1.75412
-0.23989
0.43893
-0.168939
-2.37887
1.25272
0.674576
0.533184
0.856468
0.532766
-0.648884
-0.300254
0.257892
-0.334042
-0.0164345
-0.995361
-0.3376
-1.19053
-0.83624
0.435955
-0.0787602
0.980196
0.614153
0.805493
-0.836262
1.70592
0.994403
-0.584076
-0.847788
0.312272
-1.71837
1.02563
0.745088
-2.10738
-0.0788007
-0.583722
0.105127
-0.963123
0.38232
-0.223433
0.929832
-1.45244
-0.550684
0.028559
0.886842
-0.00262977
2.33481
-0.574583
0.351932
-0.165782
-0.550567
-0.880901
1.06667
0.535447
-0.4223
1.56856
-0.680197
0.0910311
-0.19182
0.346792
0.968942
0.985541
0.230782
-0.413597
-1.50616
0.736519
0.824901
1.29404
1.32903
0.400295
-0.974942
0.927134
-0.94923
1.19471
0.750249
-1.89831
0.818849
1.26496
-0.74893
0.221441
0.530446
0.111824
0.974075
-0.930905
0.583358
0.366735
-2.004
1.16137
0.880401
0.927772
-0.403899
0.494799
1.47408
-0.200735
-0.134262
-0.443142
-0.0385725
0.68664
0.40487
-0.300923
0.893913
0.438553
0.159748
-0.193073
1.85765
-0.522393
1.89509
-0.837667
0.0830972
-1.68818
-0.541355
0.410812
-0.792619
0.139279
0.688809
1.41366
-0.93854
-0.0666619
-0.038188
-2.49636
-1.72836
-0.412431
1.07126
-0.675962
0.0480393
-0.138368
-0.431785
-2.36537
-2.52324
-0.43124
-0.545036
-0.155223
-0.342257
0.663285
0.525431
0.180535
-0.269623
-0.793664
-1.09796
-1.16699
-0.930912
1.79475
-0.00575033
1.28413
-0.154283
-0.838501
-1.53162
0.10711
0.476227
1.32659
-0.99412
0.0832001
-0.641586
-1.39733
-1.09813
1.27622
1.03504
-0.113501
1.53336
0.65176
0.425716
-0.213978
-0.391602
-0.567076
-0.435841
-0.11975
-0.700145
0.564729
1.13408
0.231444
-1.38438
-0.625745
-0.309955
0.147094
0.697097
1.08566
-0.0437441
-0.457004
0.174801
1.12671
1.3665
1.4588
0.180109
-0.414662
-0.122285
0.466543
0.848855
0.839096
-0.380696
-1.01239
0.80917
-1.41741
2.32927
0.707069
-2.24196
0.186615
-0.293549
-0.87669
0.729989
2.26329
-1.75361
0.588322
-1.80198
1.15012
-0.441128
2.82371
0.400978
0.301613
-0.206891
0.767301
0.972453
0.827354
-2.35305
1.82957
-0.527111
0.349952
-1.40723
2.03737
0.0454021
-0.757253
-0.284235
-0.0401431
-1.36012
-0.457662
0.119593
0.564439
-0.948309
1.42293
0.622022
-0.696346
1.58081
-0.219156
0.179463
-1.87131
0.895553
0.992579
1.10317
-0.140819
1.25337
2.20978
-1.29344
1.15852
0.658616
-0.723579
-0.367081
2.32442
1.07569
0.739507
1.21532
1.97528
1.16009
-0.794742
0.158044
-0.459945
-0.401925
-0.271043
0.275345
0.177941
1.25158
-0.584495
-1.14164
-0.893354
0.648957
-1.25329
-1.97005
-0.49093
0.366232
-0.129152
0.668314
0.439064
-0.787882
1.59638
0.842509
0.367684
-0.215488
0.881065
-0.28129
0.175273
0.0171457
1.95186
0.732519
1.08027
-1.85404
1.02537
-0.483639
-1.21418
0.361234
1.23776
-0.92305
-0.0388426
-0.874877
0.164769
1.04288
-1.27443
-1.50543
0.486891
-0.0867983
-1.12477
-2.31797
-0.493102
-1.58464
-1.1016
0.370178
-0.623539
0.331641
-1.29115
0.594924
-0.815782
1.14313
-1.26502
0.104883
-1.28534
-0.389562
1.37115
-0.627551
0.145491
-1.20855
0.261176
-1.3555
0.820878
0.368553
0.0729317
1.13584
-0.788414
-1.35605
0.225556
0.457564
0.813386
-0.486729
0.431871
-0.355403
-0.647188
0.741373
-1.16499
0.898547
-0.202368
-0.662998
0.332383
0.519715
-0.358618
2.40911
-0.900925
0.247768
0.615897
-0.129255
-0.40034
1.31462
0.120679
-0.773365
-1.85704
1.29245
-0.473545
-0.346671
0.625783
0.701097
-1.61152
-0.214038
1.26313
-0.859992
0.647264
1.11579
0.641923
0.214638
0.749382
0.840279
-0.518613
1.1586
-0.0878229
0.590161
0.930624
-0.785382
0.787823
0.7654
-0.980123
1.0787
-0.210781
-2.18549
0.415186
-0.803283
-0.0600033
-1.16004
-1.01886
1.38153
1.01684
-1.05351
-0.930999
-0.761448
0.391823
-1.30896
0.545567
-1.01662
-0.100387
0.25709
-0.505744
0.0216527
-0.590013
1.13081
-0.122703
0.637147
-0.23038
0.984078
1.13669
1.50565
-1.33114
-0.121132
-1.15291
0.00664925
0.720263
1.50356
0.079796
-1.49715
-0.383252
-0.135703
-0.17189
2.09574
-1.08105
-0.732366
0.221349
-0.473952
-1.03417
0.899047
-0.564916
0.740826
-0.839594
-0.147473
0.371135
0.441201
-0.309535
-0.468339
-1.26496
0.373877
-0.29018
-0.178304
-0.607856
0.804794
1.59512
1.42075
-0.336291
0.455149
0.691737
1.4018
0.453643
2.05263
0.1514
0.776662
0.666397
1.01514
-0.378713
0.51755
0.0598349
0.20684
-0.552809
-0.552898
-0.98177
0.446995
-1.6086
1.0822
1.05816
0.0458862
2.34784
-0.152631
1.24318
0.0504061
0.968345
0.401109
-0.613227
-1.29251
0.445525
1.80277
-2.60081
0.445206
0.873078
1.06243
0.631108
0.590317
0.713748
1.23876
0.736112
1.42265
-0.031147
1.14766
-0.0349406
1.3922
0.46921
-0.192429
0.850691
0.17348
-0.0614034
1.46
-2.1218
1.41094
-1.6739
-0.000771471
0.594148
-1.18968
0.150839
-1.06194
-0.0670912
-1.17004
-0.1761
-0.0381825
-1.22125
1.26215
0.725424
-0.511193
1.16324
0.255279
0.279636
-2.29477
-1.51614
-0.915445
-2.33305
-1.43123
0.483343
-0.337668
-1.11853
-0.187569
0.250099
-0.268218
0.689823
-0.114238
1.57703
0.295604
-0.45631
-1.13361
0.5487
0.128192
-0.770894
0.975731
-0.668346
0.238503
0.481117
-0.0262859
-0.582192
-0.251524
-0.174302
0.441113
0.984311
-0.234862
0.798364
-2.1058
0.87425
0.659058
-1.04779
0.87098
2.82294
-1.53156
0.390017
-0.152373
-0.21527
-0.651372
0.386324
0.171124
-0.608413
0.512685
-0.651923
-0.368589
0.269204
1.28002
0.104931
0.341061
0.430794
-0.798762
-1.79767
0.223873
1.16466
0.712942
0.685619
-0.0305534
1.66764
-1.79014
-0.541236
-0.389722
0.0792995
0.223956
0.147663
-0.0206095
1.71436
-1.16485
0.343657
-0.227147
0.501484
-0.869579
-0.115539
0.20137
-0.229744
-1.72019
-0.25466
-0.336515
0.201334
-0.265987
-0.444039
-0.359573
0.84312
0.234668
1.95869
1.00522
1.46021
-1.39233
0.97603
2.10067
0.517847
-0.558691
-0.130652
-0.692533
0.279268
-2.32268
0.353505
0.770315
-0.659164
-0.595297
-0.389086
2.16714
1.16884
0.479698
-0.467253
-0.875448
-0.675942
-0.111331
-0.125936
-1.50668
0.684265
1.21313
1.35315
0.545025
-1.61191
0.713528
-1.09165
1.67109
0.427541
1.46416
1.0572
0.423287
-0.74603
2.15816
0.453169
0.53774
-2.27427
0.299114
-0.0372354
-1.50898
-1.8176
1.17527
-2.61164
-0.781059
-0.808886
-0.92362
-0.125742
1.74031
-1.85794
-0.441014
-0.0579657
-0.0151183
-0.462089
0.696119
0.873639
-0.503248
-0.053731
-0.708442
1.39129
0.875655
0.0681473
-0.336594
1.93739
0.201368
2.01584
-0.933897
1.0674
1.609
-1.31882
0.207951
-0.451755
-0.0176944
0.446028
-0.219558
-1.48065
1.92413
-0.139105
1.06329
-0.158748
-0.971727
-0.49261
-0.429217
-1.62457
-0.134544
0.197186
-0.219796
-0.128096
-1.29292
-0.375929
-0.930561
-0.595802
-0.181516
1.21093
-0.201911
-1.00663
-0.365637
-0.0877959
-0.438967
-0.326216
0.756503
-1.35852
-1.19891
0.555111
0.293687
0.774921
-0.789591
1.02399
0.79428
1.88026
0.581019
0.584369
-0.181758
0.754545
0.506292
-0.90662
-0.841901
0.224655
-0.173961
-1.32454
-0.570896
0.458711
0.93016
1.97071
0.705527
-0.878916
-1.73531
0.934299
0.339309
-0.599672
1.22612
-1.20122
-0.737756
0.129625
0.335153
-0.895815
0.114584
1.91885
1.33856
0.264022
1.00171
-1.68616
1.01186
0.663337
-1.79243
-0.816958
-0.828843
-1.28168
0.257243
0.206266
-1.12267
2.05854
1.60319
0.183747
0.237127
1.49938
1.19025
0.0796015
-0.62405
0.422722
1.85978
-2.13632
-0.441984
0.652322
0.124704
-0.78713
0.164581
0.278117
-1.12697
0.886616
0.599024
-0.0181533
-0.0685124
0.63246
0.975908
1.14547
0.119783
0.648711
-0.253486
-0.413961
1.12943
-0.805833
-0.0930749
-0.600498
-1.19023
-0.816711
-0.39217
-0.69691
0.0709955
1.37824
-0.499606
-0.775749
0.341334
-1.21654
-0.00274332
0.376557
1.18049
0.253399
-0.0419215
-0.143355
-0.0289275
2.30784
-0.191051
-1.49444
-0.785488
0.0697872
-1.96279
0.924034
-0.435035
0.748931
0.40355
-1.46838
0.855972
-0.611901
-0.810793
-0.141949
2.18168
1.22621
-1.24084
-0.715104
-0.282069
-0.591604
0.223742
-0.0316107
0.106726
-0.331254
0.0896922
1.00034
-0.631603
-1.29097
0.113458
-1.27774
-0.00236818
-0.503448
-1.11547
-1.66645
-1.53059
-0.612388
-1.12926
0.727414
0.820405
0.161405
-0.741922
-0.622791
0.897663
-0.812969
-1.01067
-0.589711
-0.80691
-0.68209
0.925802
-0.899752
1.52248
0.197226
0.650901
-0.0823763
-0.956458
0.633282
0.65321
0.779051
0.514632
0.83874
0.523089
0.874988
0.528034
-0.345137
-0.632694
0.210854
0.809709
-0.0264029
1.46577
1.22848
0.790593
2.02493
-1.57973
-1.2601
0.255519
1.07239
0.307326
1.95499
0.676036
-0.634068
1.20552
0.514693
1.27629
1.11865
0.132171
0.141976
0.367529
-1.76373
-0.857343
0.096573
-1.5832
0.653534
-0.633732
-0.526192
0.239431
-1.04151
-0.343984
0.723796
-0.603354
0.658481
-0.0601672
