0	-0.0116306	-0.998948
1	-0.438614	-0.375394
2	-0.516661	-0.239748
3	-0.542234	-0.202944
4	-0.559199	-0.196635
5	-0.554989	-0.121977
6	-0.58305	-0.108307
7	-0.577646	-0.0872766
8	-0.597942	-0.0778128
9	-0.591899	-0.105152
10	-0.60172	-0.104101
11	-0.608008	-0.111462
12	-0.609007	-0.108307
13	-0.569194	-0.0851735
14	-0.566692	-0.0820189
15	-0.581802	-0.106204
16	-0.589422	-0.0736067
17	-0.569101	-0.0462671
18	-0.578714	-0.0662461
19	-0.600292	-0.0778128
20	-0.584235	-0.0725552
21	-0.570649	-0.06204
22	-0.583738	-0.0483701
23	-0.573989	-0.0378549
24	-0.56221	-0.0231335
25	-0.557585	-0.0336488
26	-0.564701	-0.0399579
27	-0.576169	-0.0262881
28	-0.580275	-0.0189274
29	-0.580071	-0.0189274
30	-0.5503	-0.0410095
31	-0.565802	-0.022082
32	-0.5743	-0.00525762
33	-0.561481	-0.0231335
34	-0.570912	0.0126183
35	-0.571659	0.00946372
36	-0.569985	-0.00315457
37	-0.573254	-0.00630915
38	-0.560333	0.00105152
39	-0.575858	0.0189274
40	-0.573992	-0.0115668
41	-0.572864	-0.0294427
42	-0.585467	-0.0262881
43	-0.572332	-0.0357518
44	-0.565972	-0.044164
45	-0.574238	-0.022082
46	-0.57648	0.00630915
47	-0.574174	-0.0494217
48	-0.598098	-0.0189274
49	-0.584741	-0.0178759
50	-0.596689	-0.00105152
51	-0.593256	-0.0136698
52	-0.596941	-0.0178759
53	-0.594687	0.0126183
54	-0.593034	0.0115668
55	-0.610427	0.0147213
56	-0.604919	0.0147213
57	-0.589169	0.0105152
58	-0.590573	0.0084122
59	-0.591829	-0.0105152
60	-0.58699	-0.0105152
61	-0.59646	-0.00630915
62	-0.589751	-0.0178759
63	-0.604277	-0.0399579
64	-0.586055	-0.00105152
65	-0.59797	0.0357518
66	-0.591593	0.0189274
67	-0.599766	0.0325973
68	-0.592896	0.0147213
69	-0.590685	0.0178759
70	-0.583715	0.0210305
71	-0.578719	0.0378549
72	-0.583696	0.0347003
73	-0.570535	-0.00210305
74	-0.566727	0.0168244
75	-0.584174	0.0168244
76	-0.573233	0.0357518
77	-0.580899	0.0210305
78	-0.561458	0.00105152
79	-0.58511	-0.0315457
80	-0.587844	-0.0294427
81	-0.573939	-0.0273396
82	-0.562921	-0.0262881
83	-0.584768	-0.0347003
84	-0.597387	-0.0389064
85	-0.56358	-0.0452156
86	-0.577466	-0.00105152
87	-0.572237	-0.0231335
88	-0.562051	-0.0105152
89	-0.571185	-0.00315457
90	-0.566889	0.0252366
91	-0.564001	0.0147213
92	-0.577514	0.00105152
93	-0.584296	-0.00630915
94	-0.585311	0.0147213
95	-0.572798	0.0042061
96	-0.575613	0.0042061
97	-0.584276	0.0105152
98	-0.596459	-0.00946372
99	-0.592229	-0.0042061
